Buvo rasti tokie URL: 
vilnius.lt
https://en.wikipedia.org/wiki/Vilnius
http://en.wikipedia.org/wiki/Vilnius
wikipedia.org/wiki/Vilnius
www.wikipedia.org
www.govilnius.lt
Zodziai:             Zodziu kiekis:      Zodziai yra tokiose eilutese:
------------------------------------------------------------------------------------------------------------------------------------------------------------------------------------------------------------------------------------
a                   |      31     |      111 115 118 121 123 125 128 133 135 138 139 143 146 150 164 166 171 180 191 193 195 199 201 203 210 215 218 220 230 232 234 
about               |      5      |      154 164 199 208 218 
according           |      5      |      115 121 180 199 201 
act                 |      4      |      184 187 208 228 
administration      |      2      |      201 205 
adopted             |      3      |      184 201 208 
after               |      15     |      111 125 135 146 169 180 191 193 199 206 208 212 215 220 227 
again               |      3      |      174 191 230 
against             |      4      |      191 201 218 225 
all                 |      4      |      54  180 201 208 
almost              |      2      |      201 227 
along               |      2      |      118 210 
also                |      3      |      118 152 218 
although            |      2      |      118 193 
among               |      2      |      169 215 
an                  |      9      |      109 118 146 164 171 184 193 201 230 
and                 |      56     |      14  16  18  23  24  31  32  109 111 113 115 116 118 121 123 125 129 130 133 135 138 141 143 144 146 150 152 154 160 162 164 166 169 171 174 176 178 180 184 187 191 193 199 201 205 208 210 215 218 220 223 225 227 230 232 234 
annexed             |      3      |      169 199 215 
antanas             |      2      |      201 208 
april               |      3      |      17  169 220 
area                |      4      |      68  96  109 199 
areas               |      2      |      230 232 
arm                 |      2      |      172 174 
arms                |      2      |      37  38  
army                |      10     |      143 187 191 193 206 210 213 215 220 225 
arrested            |      2      |      215 220 
article             |      5      |      3   16  17  18  127 
as                  |      22     |      109 111 113 121 137 138 146 152 164 166 171 174 184 187 193 201 203 215 218 220 230 232 
at                  |      8      |      121 139 141 143 146 166 191 199 
attacks             |      3      |      138 143 150 
attempt             |      2      |      146 220 
august              |      2      |      212 215 
augustus            |      2      |      150 154 
autonomy            |      2      |      171 184 
baltic              |      3      |      52  109 205 
battle              |      2      |      191 220 
be                  |      6      |      18  121 123 152 195 215 
became              |      4      |      169 193 199 218 
because             |      3      |      180 208 232 
becoming            |      2      |      199 201 
been                |      4      |      121 137 171 227 
before              |      3      |      113 166 220 
began               |      6      |      133 210 212 218 225 230 
being               |      2      |      199 208 
belarus             |      3      |      146 210 230 
belarusian          |      2      |      118 201 
belarusians         |      2      |      201 230 
bell                |      2      |      23  24  
between             |      4      |      150 215 220 227 
billion             |      3      |      88  89  97  
brutally            |      2      |      180 220 
building            |      2      |      182 184 
built               |      4      |      125 150 230 232 
business            |      2      |      27  28  
but                 |      4      |      176 180 212 220 
by                  |      27     |      119 123 141 143 148 150 157 160 164 169 174 178 180 184 187 191 199 203 208 210 215 218 220 225 227 230 232 
called              |      3      |      113 193 232 
camp                |      2      |      201 218 
capital             |      17     |      20  59  69  77  109 115 123 125 135 137 138 146 199 206 208 215 225 
capitals            |      2      |      115 118 
captured            |      2      |      143 218 
castle              |      6      |      123 125 137 139 157 158 
castles             |      2      |      125 133 
cathedral           |      4      |      23  24  157 189 
catholic            |      2      |      133 201 
caused              |      2      |      220 230 
center              |      2      |      191 210 
central             |      5      |      28  154 193 199 232 
centre              |      5      |      102 160 169 218 234 
centres             |      2      |      115 160 
century             |      7      |      143 150 158 164 166 169 180 
church              |      4      |      31  32  133 162 
citation            |      3      |      220 227 230 
cities              |      3      |      115 137 154 
city                |      35     |      20  41  58  61  66  69  77  97  109 111 113 118 123 125 133 135 137 146 150 154 157 162 166 169 174 180 191 193 199 203 210 215 220 227 232 
civil               |      4      |      146 178 180 218 
clarification       |      2      |      171 176 
coat                |      2      |      37  38  
code                |      2      |      94  96  
commonwealth        |      7      |      113 118 146 155 156 164 169 
compared            |      2      |      152 162 
comprising          |      2      |      150 180 
congress            |      2      |      176 184 
considerations      |      2      |      171 176 
considered          |      3      |      111 115 184 
contemporary        |      2      |      113 199 
control             |      3      |      146 176 206 
coordinates         |      2      |      12  55  
council             |      4      |      65  66  184 199 
country             |      3      |      56  191 215 
court               |      3      |      125 137 150 
cultural            |      3      |      103 160 201 
culture             |      2      |      115 176 
current             |      2      |      182 184 
dawn                |      3      |      31  32  169 
day                 |      2      |      135 146 
decided             |      2      |      121 184 
declared            |      2      |      111 187 
declined            |      2      |      169 208 
defense             |      3      |      191 193 220 
density             |      3      |      79  82  85  
deported            |      2      |      218 227 
designated          |      2      |      105 193 
despite             |      2      |      143 166 
devastated          |      2      |      138 210 
development         |      2      |      162 178 
did                 |      2      |      152 220 
district            |      2      |      27  28  
duchy               |      8      |      129 130 135 137 146 162 171 174 
due                 |      2      |      160 220 
duke                |      6      |      121 137 138 144 146 160 
dukes               |      4      |      133 144 150 157 
during              |      15     |      133 143 146 148 162 164 169 172 174 180 187 191 193 218 225 
e                   |      3      |      172 174 232 
each                |      2      |      146 162 
early               |      3      |      129 180 220 
eastern             |      2      |      154 220 
elektrit            |      2      |      203 210 
empire              |      5      |      118 166 167 169 184 
end                 |      2      |      166 191 
english             |      4      |      109 118 143 195 
entire              |      2      |      146 199 
established         |      2      |      123 174 
establishment       |      3      |      160 184 228 
europe              |      6      |      53  107 111 113 115 138 
eventual            |      2      |      174 208 
example             |      3      |      157 210 230 
expected            |      2      |      121 171 
factory             |      3      |      203 210 218 
failed              |      2      |      218 220 
february            |      4      |      184 187 199 220 
financial           |      2      |      115 143 
first               |      5      |      60  133 137 184 218 
flag                |      2      |      35  36  
following           |      5      |      171 178 212 215 230 
for                 |      19     |      14  17  111 113 118 121 123 128 139 143 150 157 166 171 184 210 218 230 232 
force               |      3      |      208 210 220 
forces              |      4      |      164 169 189 191 
forest              |      2      |      121 227 
form                |      2      |      191 215 
formed              |      2      |      135 146 
french              |      2      |      118 208 
from                |      16     |      13  118 133 146 150 162 169 187 191 193 201 210 215 220 230 232 
front               |      2      |      218 220 
further             |      7      |      130 156 162 178 205 215 222 
gate                |      3      |      31  32  169 
gediminas           |      10     |      25  26  121 125 131 137 139 144 146 148 
general             |      2      |      193 220 
german              |      10     |      118 137 162 187 191 208 210 218 220 225 
germans             |      3      |      137 218 220 
ghetto              |      2      |      205 218 
government          |      6      |      64  65  191 210 215 218 
grand               |      16     |      121 129 130 133 135 137 138 144 146 150 154 157 160 162 171 174 
grande              |      2      |      172 174 
granted             |      2      |      61  146 
great               |      6      |      138 146 150 164 182 184 
growth              |      2      |      160 166 
had                 |      10     |      118 121 137 150 180 201 203 208 227 230 
hall                |      4      |      33  34  172 218 
has                 |      4      |      16  109 113 118 
have                |      3      |      152 171 193 
he                  |      5      |      113 121 125 143 180 
hebrew              |      2      |      118 162 
held                |      2      |      146 184 
help                |      2      |      16  215 
heritage            |      2      |      101 111 
hill                |      3      |      121 125 139 
his                 |      6      |      125 143 146 150 154 174 
historian           |      2      |      133 201 
historic            |      2      |      102 135 
history             |      5      |      8   118 126 127 129 
holocaust           |      3      |      113 218 227 
however             |      4      |      146 169 171 208 
howling             |      2      |      121 144 
i                   |      5      |      118 152 171 185 187 
iai                 |      2      |      230 232 
ii                  |      7      |      104 113 150 154 201 204 210 
important           |      4      |      113 118 160 184 
imprisoned          |      2      |      201 220 
in                  |      58     |      47  78  109 111 113 115 118 121 125 131 137 139 141 143 146 148 150 152 154 157 158 160 164 167 169 171 172 174 176 178 180 181 182 184 187 189 191 193 195 197 199 201 203 205 206 210 212 213 215 218 220 223 225 227 228 230 232 234 
including           |      3      |      137 143 210 
independence        |      5      |      184 187 191 218 228 
industrial          |      2      |      230 232 
influence           |      2      |      113 150 
information         |      4      |      130 156 205 222 
inhabitants         |      4      |      171 203 215 232 
intensified         |      2      |      176 201 
interwar            |      3      |      194 195 220 
into                |      5      |      121 125 160 210 220 
invaded             |      3      |      143 191 210 
invasion            |      2      |      208 210 
involved            |      2      |      164 193 
iron                |      4      |      119 121 123 144 
is                  |      9      |      47  109 111 115 118 121 123 135 184 
issued              |      2      |      187 215 
it                  |      11     |      16  113 146 154 164 184 191 193 203 220 225 
its                 |      16     |      23  24  111 113 118 146 162 164 166 169 172 193 201 210 218 227 
ius                 |      2      |      216 220 
iv                  |      2      |      104 143 
january             |      4      |      76  109 180 228 
jerusalem           |      2      |      41  113 
jewish              |      4      |      113 180 218 227 
jews                |      2      |      137 180 
july                |      3      |      191 220 225 
june                |      4      |      18  205 215 218 
k                   |      3      |      27  143 232 
king                |      4      |      133 143 146 160 
kingdom             |      4      |      130 135 162 169 
known               |      6      |      109 111 131 164 193 218 
lands               |      2      |      123 220 
languages           |      4      |      118 162 180 199 
large               |      3      |      218 230 232 
largest             |      5      |      109 111 138 166 203 
lasted              |      2      |      121 218 
late                |      2      |      158 230 
later               |      4      |      135 146 218 228 
latin               |      3      |      43  118 162 
league              |      2      |      193 234 
led                 |      3      |      113 169 220 
lesser              |      2      |      119 199 
life                |      2      |      150 162 
lithuania           |      33     |      47  50  51  56  59  109 113 123 129 130 133 135 137 138 143 144 146 150 160 169 171 184 187 191 193 199 205 208 210 215 218 220 230 
lithuanian          |      34     |      109 113 118 123 138 141 143 146 148 155 156 162 174 180 182 184 187 189 191 193 195 199 201 205 206 208 210 212 215 218 220 222 225 234 
lithuanians         |      7      |      193 201 210 218 225 228 230 
lived               |      2      |      169 230 
located             |      2      |      47  141 
location            |      3      |      50  139 141 
lost                |      2      |      166 227 
ltdf                |      2      |      216 220 
made                |      2      |      139 154 
major               |      2      |      115 210 
majority            |      2      |      180 201 
many                |      7      |      118 152 162 166 180 218 227 
map                 |      5      |      44  46  51  52  53  
may                 |      2      |      17  18  
mayor               |      2      |      65  67  
members             |      2      |      201 227 
mentioned           |      2      |      60  137 
metro               |      4      |      72  83  85  88  
mi                  |      7      |      69  71  73  79  82  85  218 
mikhail             |      2      |      180 228 
mindaugas           |      2      |      133 139 
minority            |      2      |      180 199 
modern              |      2      |      146 184 
more                |      3      |      215 225 230 
moscow              |      2      |      138 174 
most                |      8      |      109 113 118 154 160 208 227 230 
moved               |      3      |      125 150 230 
multiple            |      2      |      16  138 
name                |      5      |      102 118 125 197 199 
named               |      2      |      111 115 
names               |      3      |      109 116 118 
napoleon            |      3      |      113 166 174 
nation              |      2      |      187 201 
national            |      3      |      182 184 201 
nazi                |      2      |      208 218 
near                |      2      |      121 172 
needed              |      6      |      171 176 180 220 227 230 
neris               |      3      |      121 139 141 
new                 |      2      |      41  230 
nickname            |      2      |      41  113 
nkvd                |      2      |      215 225 
not                 |      5      |      152 171 176 195 220 
notable             |      3      |      111 118 160 
november            |      2      |      178 232 
now                 |      2      |      118 223 
number              |      2      |      164 232 
occupation          |      2      |      205 221 
occupied            |      5      |      164 187 215 218 225 
occurred            |      2      |      164 180 
october             |      2      |      193 210 
of                  |      75     |      31  32  35  37  38  39  41  46  51  52  53  59  102 109 111 113 115 118 121 123 125 127 128 129 130 131 133 135 137 138 139 141 143 144 146 148 150 152 154 157 160 162 164 166 169 171 174 176 178 180 181 182 184 187 189 191 193 195 197 199 201 205 206 208 210 212 215 216 218 220 223 227 230 232 234 
offensive           |      2      |      220 225 
official            |      2      |      39  102 
old                 |      7      |      21  22  111 137 162 218 230 
on                  |      21     |      16  123 125 138 139 143 148 150 174 184 187 191 193 199 210 212 215 218 228 230 232 
once                |      2      |      118 225 
one                 |      10     |      111 113 115 118 133 152 154 160 201 218 
only                |      6      |      169 180 191 201 212 220 
operated            |      2      |      212 220 
operation           |      3      |      193 218 220 
or                  |      6      |      16  17  193 201 227 230 
order               |      2      |      143 191 
organized           |      2      |      180 218 
other               |      8      |      14  109 116 146 187 215 230 232 
out                 |      2      |      180 201 
over                |      5      |      143 176 184 199 220 
palace              |      6      |      29  30  144 150 154 157 
part                |      5      |      160 201 210 218 232 
partisans           |      2      |      220 227 
philharmonic        |      2      |      182 184 
place               |      6      |      125 152 169 171 182 210 
plechavi            |      2      |      216 220 
poland              |      14     |      135 146 162 176 193 194 195 199 203 208 210 212 220 227 
policy              |      2      |      201 208 
polish              |      14     |      113 118 146 155 156 160 162 180 191 193 199 201 210 220 
political           |      2      |      184 208 
pope                |      2      |      137 152 
population          |      11     |      76  109 113 164 166 180 199 210 218 227 232 
presidential        |      2      |      29  30  
previously          |      2      |      109 230 
provisional         |      2      |      174 218 
radio               |      2      |      203 210 
re                  |      3      |      210 228 230 
read                |      2      |      6   18  
red                 |      5      |      191 210 213 215 220 
reference           |      2      |      106 137 
region              |      10     |      107 138 160 176 193 195 199 201 205 230 
reign               |      2      |      133 138 
relations           |      2      |      199 212 
repressions         |      3      |      178 225 230 
republic            |      4      |      118 191 193 222 
residents           |      2      |      164 230 
response            |      2      |      138 174 
resulted            |      2      |      176 201 
retreat             |      2      |      172 174 
rights              |      2      |      61  146 
river               |      3      |      118 121 139 
rulers              |      2      |      123 146 
russia              |      3      |      146 191 230 
russian             |      8      |      118 162 166 167 169 178 180 184 
s                   |      26     |      27  41  42  109 115 135 138 141 143 146 148 154 157 162 166 176 180 187 191 193 199 208 215 220 225 232 
seat                |      2      |      125 137 
second              |      4      |      109 118 143 191 
secret              |      2      |      201 210 
see                 |      4      |      14  109 128 218 
seimas              |      2      |      182 184 
seized              |      2      |      193 210 
self                |      2      |      191 193 
sent                |      2      |      137 215 
september           |      3      |      210 212 218 
series              |      2      |      146 164 
settle              |      2      |      121 137 
show                |      4      |      51  52  53  54  
sigismund           |      2      |      150 154 
site                |      3      |      101 111 123 
ski                 |      2      |      169 201 
small               |      3      |      143 180 199 
smaller             |      2      |      218 232 
society             |      3      |      182 184 201 
soldiers            |      3      |      174 189 215 
some                |      2      |      220 227 
soon                |      3      |      160 176 220 
sources             |      2      |      113 137 
soviet              |      9      |      191 210 215 218 220 221 222 225 230 
soviets             |      2      |      210 215 
speaking            |      2      |      180 199 
sq                  |      3      |      69  71  73  
square              |      3      |      33  34  189 
ssr                 |      2      |      215 225 
st                  |      2      |      31  32  
state               |      3      |      123 138 193 
states              |      3      |      52  109 205 
still               |      3      |      118 135 199 
street              |      2      |      158 218 
style               |      3      |      17  111 150 
taken               |      2      |      174 191 
talk                |      2      |      4   16  
territory           |      2      |      146 169 
that                |      5      |      121 135 193 203 215 
the                 |      67     |      13  16  41  109 111 113 115 118 121 123 125 131 133 135 137 138 139 141 143 144 146 148 150 152 154 157 158 160 162 164 166 167 169 171 172 174 176 178 180 181 182 184 187 189 191 193 195 197 199 201 203 205 206 208 210 212 215 216 218 220 223 225 227 228 230 232 234 
their               |      3      |      123 146 176 
them                |      4      |      143 152 171 218 
there               |      2      |      125 212 
theresa             |      2      |      31  32  
these               |      5      |      16  137 143 230 232 
they                |      2      |      208 230 
third               |      2      |      166 169 
this                |      11     |      16  17  18  123 135 143 166 176 184 208 220 
three               |      2      |      150 169 
through             |      4      |      113 146 210 227 
throughout          |      3      |      118 123 230 
thus                |      2      |      123 201 
time                |      4      |      92  113 118 199 
to                  |      35     |      16  18  113 115 121 125 133 137 138 143 146 150 152 158 160 162 171 174 176 180 184 187 191 193 195 199 201 208 210 215 218 220 227 228 230 
together            |      2      |      115 191 
took                |      5      |      143 169 171 182 210 
total               |      2      |      143 180 
towards             |      2      |      174 184 
tower               |      4      |      23  24  25  26  
town                |      9      |      21  22  33  34  111 172 218 225 230 
treaty              |      2      |      191 210 
two                 |      6      |      125 141 143 146 218 228 
type                |      2      |      65  103 
ukraine             |      2      |      146 230 
ultimatum           |      2      |      208 215 
under               |      5      |      138 193 197 205 220 
unesco              |      3      |      101 107 111 
union               |      6      |      115 146 210 215 218 230 
unity               |      2      |      43  201 
university          |      3      |      160 178 197 
until               |      4      |      148 187 201 218 
upper               |      2      |      139 157 
uprising            |      5      |      169 178 180 205 218 
urban               |      4      |      70  80  82  109 
valley              |      2      |      121 125 
very                |      2      |      98  230 
vilna               |      5      |      14  109 118 169 205 
vilnia              |      5      |      118 121 125 141 210 
vilnian             |      2      |      86  111 
vilnius             |      75     |      1   19  21  22  23  24  28  35  37  39  46  47  48  49  57  58  66  102 109 111 113 115 118 125 127 128 131 135 137 138 139 141 143 146 148 150 154 157 158 160 164 166 169 171 172 174 176 178 180 181 182 184 187 191 193 195 197 199 201 205 206 208 210 212 213 215 218 220 223 225 227 228 230 232 234 
vytautas            |      2      |      138 146 
war                 |      11     |      113 146 164 185 187 191 201 204 210 212 227 
wars                |      3      |      146 164 191 
warsaw              |      2      |      171 191 
was                 |      37     |      109 111 113 115 118 133 135 137 143 146 148 150 154 160 162 164 169 171 174 176 178 180 184 187 191 193 197 199 208 210 212 215 218 220 225 228 234 
wehrmacht           |      2      |      218 220 
well                |      3      |      137 230 232 
were                |      17     |      118 137 162 169 174 180 187 193 199 201 208 215 218 220 227 230 232 
when                |      4      |      16  118 137 201 
where               |      2      |      121 230 
which               |      15     |      109 111 123 125 150 152 171 176 187 201 208 210 218 220 225 
while               |      4      |      201 218 220 227 
will                |      3      |      123 125 195 
wilna               |      2      |      14  118 
wilno               |      3      |      14  118 199 
with                |      26     |      113 115 118 121 133 135 139 143 144 152 157 166 174 180 184 191 195 199 201 203 210 212 215 220 225 232 
withdrew            |      2      |      191 210 
within              |      4      |      50  180 184 220 
without             |      2      |      187 195 
wolf                |      4      |      119 121 123 144 
world               |      10     |      101 111 113 115 123 185 187 201 204 210 
years               |      3      |      143 164 166 
yiddish             |      4      |      118 162 180 199 
